##############################################################################
# Class:   actafCalPar
# Context: ActafCalParContext
##############################################################################
[actafCalPar]
//----------------------------------------------------------------------------
actafGainPars:  Float_t \
  1 1 1 1 1 1 1 1 1 1  \
  1 1 1 1 1 1 1 1 1 1  \
  1 1 1 1 1 1 1 1 1 1  \
  1 1 1 1 1 1 1 1 1 1  \
  1 1 1 1 1 1 1 1 1 1  \
  1 1 1 1 1 1 1 1 1 1  \
  1 1 1 1 1 1 1 1 1 1  \
  1 1 1 1 1 1 1 1 1 1  \
  1 1 1 1 1 1 1 1 1 1  \
  1 1 1 1 1 1 1 1 1 1  \
  1 1 1 1 1 1 1 1 1 1  \
  1 1 1 1 1 1 1 1 1 1  \
  1 1 1 1 1 1 1 1 
actafThresholdPars:  Float_t \
  50000 50000 50000 50000 50000 50000 50000 50000 50000 50000  \
  50000 50000 50000 50000 50000 50000 50000 50000 50000 50000  \
  50000 50000 50000 50000 50000 50000 50000 50000 50000 50000  \
  50000 50000 50000 50000 50000 50000 50000 50000 50000 50000  \
  50000 50000 50000 50000 50000 50000 50000 50000 50000 50000  \
  50000 50000 50000 50000 50000 50000 50000 50000 50000 50000  \
  50000 50000 50000 50000 50000 50000 50000 50000 50000 50000  \
  50000 50000 50000 50000 50000 50000 50000 50000 50000 50000  \
  50000 50000 50000 50000 50000 50000 50000 50000 50000 50000  \
  50000 50000 50000 50000 50000 50000 50000 50000 50000 50000  \
  50000 50000 50000 50000 50000 50000 50000 50000 50000 50000  \
  50000 50000 50000 50000 50000 50000 50000 50000 50000 50000  \
  50000 50000 50000 50000 50000 50000 50000 50000 
